HEB 100, 100, 100, 6, 10, 12
HEB 120, 120, 120, 6.5, 11, 12
HEB 140, 140, 140, 7, 12, 12
HEB 160, 160, 160, 8, 13, 15
HEB 180, 180, 180, 8.5, 14, 15
HEB 200, 200, 200, 9, 15, 18
HEB 220, 220, 220, 9.5, 16, 18
HEB 240, 240, 240, 10, 17, 21
HEB 260, 260, 260, 10, 17.5, 24
HEB 280, 280, 280, 10.5, 18, 24
HEB 300, 300, 300, 11, 19, 27
HEB 320, 300, 320, 11.5, 20.5, 27
HEB 340, 300, 340, 12, 21.5, 27
HEB 360, 300, 360, 12.5, 22.5, 27
HEB 400, 300, 400, 13.5, 24, 27
HEB 450, 300, 450, 14, 26, 27
HEB 500, 300, 500, 14.5, 28, 27
HEB 550, 300, 550, 15, 29, 27
HEB 600, 300, 600, 15.5, 30, 27
HEB 650, 300, 650, 16, 31, 27
HEB 700, 300, 700, 17, 32, 27
HEB 800, 300, 800, 17.5, 33, 30
HEB 900, 300, 900, 18.5, 35, 30
HEB 1000, 300, 1000, 19, 36, 30
HEA 100, 100, 96, 5, 8, 12
HEA 120, 120, 114, 5, 8, 12
HEA 140, 140, 133, 5.5, 8.5, 12
HEA 160, 160, 152, 6, 9, 15
HEA 180, 180, 171, 6, 9.5, 15
HEA 200, 200, 190, 6.5, 10, 18
HEA 220, 220, 210, 7, 11, 18
HEA 240, 240, 230, 7.5, 12, 21
HEA 260, 260, 250, 7.5, 12.5, 24
HEA 280, 280, 270, 8, 13, 24
HEA 300, 300, 290, 8.5, 14, 27
HEA 320, 300, 310, 9, 15.5, 27
HEA 340, 300, 330, 9.5, 16.5, 27
HEA 360, 300, 350, 10, 17.5, 27
HEA 400, 300, 390, 11, 19, 27
HEA 450, 300, 440, 11.5, 21, 27
HEA 500, 300, 490, 12, 23, 27
HEA 550, 300, 540, 12.5, 24, 27
HEA 600, 300, 590, 13, 25, 27
HEA 650, 300, 640, 13.5, 26, 27
HEA 700, 300, 690, 14.5, 27, 27
HEA 800, 300, 790, 15, 28, 30
HEA 900, 300, 890, 16, 30, 30
HEA 1000, 300, 990, 16.5, 31, 30
HEM 100, 106, 120, 12, 20, 12
HEM 120, 126, 140, 12.5, 21, 12
HEM 140, 146, 160, 13, 22, 12
HEM 160, 166, 180, 14, 23, 15
HEM 180, 186, 200, 14.5, 24, 15
HEM 200, 206, 220, 15, 25, 18
HEM 220, 226, 240, 15.5, 26, 18
HEM 240, 248, 270, 18, 32, 21
HEM 260, 268, 290, 18, 32.5, 24
HEM 280, 288, 310, 18.5, 33, 24
HEM 300, 310, 340, 21, 39, 27
HEM 320, 309, 359, 21, 40, 27
HEM 340, 309, 377, 21, 40, 27
HEM 360, 308, 395, 21, 40, 27
HEM 400, 307, 432, 21, 40, 27
HEM 450, 307, 478, 21, 40, 27
HEM 500, 306, 524, 21, 40, 27
HEM 550, 306, 572, 21, 40, 27
HEM 600, 305, 620, 21, 40, 27
HEM 650, 305, 668, 21, 40, 27
HEM 700, 304, 716, 21, 40, 27
HEM 800, 303, 814, 21, 40, 30
HEM 900, 302, 910, 21, 40, 30
HEM 1000, 302, 1008, 21, 40, 30
IPE 80, 46, 80, 3.8, 5.2, 5
IPE 100, 55, 100, 4.1, 5.7, 7
IPE 120, 64, 120, 4.4, 6.3, 7
IPE 140, 73, 140, 4.7, 6.9, 7
IPE 160, 82, 160, 5.0, 7.4, 9
IPE 180, 91, 180, 5.3, 8.0, 9
IPE 200, 100, 200, 5.6, 8.5, 12
IPE 220, 110, 220, 5.9, 9.2, 12
IPE 240, 120, 240, 6.2, 9,8, 15
IPE 270, 135, 270, 6.6, 10.2, 15
IPE 300, 150, 300, 7.1, 10.7, 15
IPE 330, 160, 330, 7.5, 11.5, 18
IPE 360, 170, 360, 8.0, 12.7, 18
IPE 400, 180, 400, 8.6, 13.5, 21
IPE 450, 190, 450, 9.4, 14.6, 21
IPE 500, 200, 500, 10.2, 16.0, 21
IPE 550, 210, 550, 11.1, 17.2, 24
IPE 600, 220, 600, 12.0, 19.0, 24
W44X335, 404, 1118, 26.2, 45, 20.1, 12900
W44X290, 401, 1107, 22, 40.1, 19.8, 11200
W44X262, 401, 1100, 19.9, 36.1, 19.8, 10000
W44X230, 401, 1090, 18, 31, 20.1, 8660
W40X655, 429, 1107, 50, 89.9, 30, 23500
W40X593, 424, 1092, 45.5, 82, 30, 21000
W40X503, 417, 1069, 39.1, 70.1, 30, 17300
W40X431, 411, 1049, 34, 59.9, 30, 14500
W40X397, 409, 1041, 31, 55.9, 30, 13300
W40X372, 409, 1031, 29.5, 52.1, 30, 12300
W40X362, 406, 1031, 28.4, 51.1, 30, 12000
W40X324, 404, 1021, 25.4, 46, 30, 10700
W40X297, 401, 1011, 23.6, 41.9, 30, 9660
W40X277, 401, 1008, 21.1, 40.1, 30, 9120
W40X249, 401, 1001, 19.1, 36.1, 30, 8160
W40X215, 401, 991, 16.5, 31, 30, 6950
W40X199, 401, 983, 16.5, 27.2, 30, 6200
W40X392, 315, 1057, 36.1, 64, 30, 12400
W40X331, 310, 1036, 31, 54.1, 30, 10300
W40X327, 307, 1036, 30, 54.1, 30, 10200
W40X294, 305, 1026, 26.9, 49, 30, 9120
W40X278, 305, 1021, 26.2, 46, 30, 8530
W40X264, 302, 1016, 24.4, 43.9, 30, 8070
W40X235, 302, 1008, 21.1, 40.1, 30, 7240
W40X211, 300, 1001, 19.1, 36.1, 30, 6450
W40X183, 300, 991, 16.5, 30.5, 30, 5490
W40X167, 300, 980, 16.5, 26.2, 30, 4830
W40X149, 300, 970, 16, 21.1, 30, 4080
W36X925, 472, 1095, 76.7, 115.1, 19.1, 30400
W36X853, 462, 1095, 64, 115.1, 19.1, 29100
W36X802, 457, 1082, 60.5, 109, 19.1, 27000
W36X723, 452, 1062, 55.1, 99.1, 19.1, 23800
W36X652, 447, 1044, 50, 89.9, 24.1, 21100
W36X529, 437, 1011, 40.9, 73.9, 24.1, 16500
W36X487, 434, 998, 38.1, 68.1, 24.1, 15000
W36X441, 432, 988, 34.5, 62, 24.1, 13400
W36X395, 427, 975, 31, 55.9, 24.1, 11900
W36X361, 424, 965, 28.4, 51.1, 24.1, 10700
W36X330, 422, 958, 25.9, 47, 24.1, 9700
W36X302, 424, 947, 24, 42.7, 24.1, 8780
W36X282, 422, 942, 22.5, 39.9, 24.1, 8160
W36X262, 422, 937, 21.3, 36.6, 24.1, 7450
W36X247, 419, 932, 20.3, 34.3, 24.1, 6950
W36X231, 419, 927, 19.3, 32, 24.1, 6490
W36X256, 310, 950, 24.4, 43.9, 19.1, 6990
W36X232, 307, 942, 22.1, 39.9, 19.1, 6240
W36X210, 310, 932, 21.1, 34.5, 19.1, 5490
W36X194, 307, 927, 19.4, 32, 19.1, 5040
W36X182, 307, 922, 18.4, 30, 19.1, 4700
W36X170, 305, 919, 17.3, 27.9, 19.1, 4370
W36X160, 305, 914, 16.5, 25.9, 19.1, 4060
W36X150, 305, 912, 15.9, 23.9, 19.1, 3760
W36X135, 305, 904, 15.2, 20.1, 19.1, 3250
W33X387, 411, 914, 32, 57.9, 20.1, 10100
W33X354, 409, 904, 29.5, 53.1, 20.1, 9160
W33X318, 406, 894, 26.4, 48, 20.1, 8120
W33X291, 404, 884, 24.4, 43.9, 20.1, 7370
W33X263, 401, 876, 22.1, 39.9, 20.1, 6620
W33X241, 404, 869, 21.1, 35.6, 20.1, 5910
W33X221, 401, 861, 19.7, 32.5, 19.8, 5370
W33X201, 399, 856, 18.2, 29.2, 20.1, 4830
W33X169, 292, 859, 17, 31, 17.8, 3870
W33X152, 295, 851, 16.1, 26.9, 17.8, 3400
W33X141, 292, 846, 15.4, 24.4, 17.8, 3100
W33X130, 292, 841, 14.7, 21.7, 17.9, 2790
W33X118, 292, 836, 14, 18.8, 17.8, 2460
W30X391, 396, 843, 34.5, 62, 20.1, 8620
W30X357, 394, 833, 31.5, 56.9, 20.1, 7780
W30X326, 391, 823, 29, 52.1, 20.1, 6990
W30X292, 389, 813, 25.9, 47, 20.1, 6200
W30X261, 386, 803, 23.6, 41.9, 20.1, 5450
W30X235, 384, 795, 21.1, 38.1, 20.1, 4870
W30X211, 384, 785, 19.7, 33.5, 19.8, 4290
W30X191, 381, 780, 18, 30.2, 19.8, 3830
W30X173, 381, 772, 16.6, 27.2, 19.8, 3430
W30X148, 267, 780, 16.5, 30, 16.5, 2780
W30X132, 267, 770, 15.6, 25.4, 16.5, 2400
W30X124, 267, 767, 14.9, 23.6, 16.5, 2230
W30X116, 267, 762, 14.4, 21.6, 16.5, 2050
W30X108, 267, 757, 13.8, 19.3, 16.5, 1860
W30X99, 267, 754, 13.2, 17, 16.5, 1660
W30X90, 264, 749, 11.9, 15.5, 16.5, 1500
W27X539, 389, 826, 50, 89.9, 20.1, 10700
W27X368, 373, 772, 35.1, 63, 20.1, 6740
W27X336, 371, 762, 32, 57.9, 20.1, 6080
W27X307, 366, 752, 29.5, 53.1, 20.1, 5450
W27X281, 366, 744, 26.9, 49, 20.1, 4950
W27X258, 363, 737, 24.9, 45, 20.1, 4500
W27X235, 361, 729, 23.1, 40.9, 20.1, 4040
W27X217, 358, 721, 21.1, 38.1, 20.1, 3710
W27X194, 356, 714, 19.1, 34, 20.1, 3270
W27X178, 358, 706, 18.4, 30.2, 20.1, 2920
W27X161, 356, 701, 16.8, 27.4, 20.1, 2630
W27X146, 356, 696, 15.4, 24.8, 19.9, 2360
W27X129, 254, 701, 15.5, 27.9, 15.2, 1980
W27X114, 257, 693, 14.5, 23.6, 15.2, 1700
W27X102, 254, 688, 13.1, 21.1, 15.2, 1510
W27X94, 254, 683, 12.4, 18.9, 15.1, 1360
W27X84, 254, 678, 11.7, 16.3, 15.2, 1190
W24X370, 348, 711, 38.6, 69.1, 12.7, 5580
W24X335, 343, 699, 35.1, 63, 12.7, 4950
W24X306, 340, 688, 32, 57.9, 12.7, 4450
W24X279, 338, 678, 29.5, 53.1, 12.7, 4000
W24X250, 335, 668, 26.4, 48, 12.7, 3530
W24X229, 333, 660, 24.4, 43.9, 12.7, 3180
W24X207, 330, 653, 22.1, 39.9, 12.7, 2840
W24X192, 330, 648, 20.6, 37.1, 12.7, 2610
W24X176, 328, 640, 19.1, 34, 12.7, 2360
W24X162, 330, 635, 17.9, 31, 12.7, 2150
W24X146, 328, 627, 16.5, 27.7, 12.7, 1910
W24X131, 328, 622, 15.4, 24.4, 12.7, 1670
W24X117, 325, 617, 14, 21.6, 12.7, 1470
W24X104, 325, 612, 12.7, 19.1, 12.7, 1290
W24X103, 229, 622, 14, 24.9, 12.7, 1250
W24X94, 230, 617, 13.1, 22.2, 12.8, 1120
W24X84, 229, 612, 11.9, 19.6, 12.7, 986
W24X76, 228, 607, 11.2, 17.3, 12.7, 874
W24X68, 228, 602, 10.5, 14.9, 12.8, 762
W24X62, 179, 602, 10.9, 15, 12.7, 645
W24X55, 178, 599, 10, 12.8, 12.8, 562
W21X275, 328, 612, 31, 55.6, 30, 3200
W21X248, 325, 602, 27.9, 50.5, 30, 2840
W21X223, 323, 594, 25.4, 45.5, 30, 2530
W21X201, 320, 584, 23.1, 41.4, 12.7, 2210
W21X182, 318, 577, 21.1, 37.6, 12.7, 1970
W21X166, 315, 572, 19.1, 34.5, 12.7, 1780
W21X147, 318, 561, 18.3, 29.2, 12.7, 1510
W21X132, 315, 554, 16.5, 26.4, 12.7, 1340
W21X122, 315, 551, 15.2, 24.4, 12.7, 1230
W21X111, 312, 546, 14, 22.2, 12.8, 1110
W21X101, 312, 544, 12.7, 20.3, 12.7, 1010
W21X93, 214, 549, 14.7, 23.6, 12.7, 862
W21X83, 212, 544, 13.1, 21.2, 12.8, 762
W21X73, 211, 538, 11.6, 18.8, 12.7, 666
W21X68, 210, 536, 10.9, 17.4, 12.8, 616
W21X62, 209, 533, 10.2, 15.6, 12.8, 554
W21X55, 209, 528, 9.5, 13.3, 12.6, 475
W21X48, 207, 523, 8.9, 10.9, 12.7, 399
W21X57, 167, 536, 10.3, 16.5, 12.7, 487
W21X50, 166, 528, 9.7, 13.6, 12.8, 410
W21X44, 165, 526, 8.9, 11.4, 12.7, 351
W18X311, 305, 566, 38.6, 69.6, 12.7, 2900
W18X283, 302, 556, 35.6, 63.5, 12.7, 2570
W18X258, 300, 546, 32.5, 58.4, 10.2, 2290
W18X234, 297, 536, 29.5, 53.6, 10.2, 2040
W18X211, 295, 526, 26.9, 48.5, 10.2, 1800
W18X192, 292, 518, 24.4, 44.5, 10.2, 1610
W18X175, 290, 508, 22.6, 40.4, 10.2, 1440
W18X158, 287, 500, 20.6, 36.6, 10.2, 1270
W18X143, 284, 495, 18.5, 33.5, 10.2, 1140
W18X130, 284, 490, 17, 30.5, 10.2, 1020
W18X119, 287, 483, 16.6, 26.9, 10.2, 912
W18X106, 284, 475, 15, 23.9, 10.2, 795
W18X97, 282, 472, 13.6, 22.1, 10.2, 728
W18X86, 282, 467, 12.2, 19.6, 10.2, 637
W18X76, 279, 462, 10.8, 17.3, 10.2, 554
W18X71, 194, 470, 12.6, 20.6, 10.2, 487
W18X65, 193, 467, 11.4, 19.1, 10.2, 445
W18X60, 192, 462, 10.5, 17.7, 10.3, 410
W18X55, 191, 460, 9.9, 16, 10.2, 370
W18X50, 191, 457, 9, 14.5, 10.2, 333
W18X46, 154, 460, 9.1, 15.4, 10.3, 296
W18X40, 153, 455, 8, 13.3, 10.2, 255
W18X35, 152, 450, 7.6, 10.8, 10.2, 212
W16X100, 264, 432, 14.9, 25, 10.3, 620
W16X89, 264, 427, 13.3, 22.2, 10.3, 541
W16X77, 262, 419, 11.6, 19.3, 10.2, 462
W16X67, 259, 414, 10, 16.9, 10.3, 397
W16X57, 181, 417, 10.9, 18.2, 10.3, 316
W16X50, 180, 414, 9.7, 16, 10.2, 274
W16X45, 179, 409, 8.8, 14.4, 10.2, 244
W16X40, 178, 406, 7.7, 12.8, 10.2, 216
W16X36, 178, 404, 7.5, 10.9, 10.2, 186
W16X31, 140, 404, 7, 11.2, 10.2, 156
W16X26, 140, 399, 6.4, 8.8, 10.2, 125
W14X873, 478, 599, 100.1, 140, 15, 7530
W14X808, 472, 579, 95, 130, 15, 6620
W14X730, 455, 569, 78, 124.7, 15.2, 5950
W14X665, 450, 549, 71.9, 114.8, 15.2, 5160
W14X605, 442, 531, 66, 105.7, 15.2, 4500
W14X550, 437, 513, 60.5, 97, 15.2, 3930
W14X500, 432, 498, 55.6, 88.9, 15.2, 3420
W14X455, 427, 483, 51.3, 81.5, 15.2, 2990
W14X426, 424, 475, 47.8, 77.2, 15, 2750
W14X398, 422, 465, 45, 72.4, 15, 2500
W14X370, 419, 455, 42.2, 67.6, 15.2, 2260
W14X342, 417, 445, 39.1, 62.7, 15.2, 2040
W14X311, 411, 434, 35.8, 57.4, 15.2, 1800
W14X283, 409, 424, 32.8, 52.6, 15.2, 1600
W14X257, 406, 417, 30, 48, 15.2, 1420
W14X233, 404, 406, 27.2, 43.7, 15.2, 1250
W14X211, 401, 399, 24.9, 39.6, 15.2, 1110
W14X193, 399, 394, 22.6, 36.6, 15.2, 999
W14X176, 399, 386, 21.1, 33.3, 15.2, 891
W14X159, 396, 381, 18.9, 30.2, 15.2, 791
W14X145, 394, 376, 17.3, 27.7, 15.2, 712
W14X132, 373, 373, 16.4, 26.2, 15.2, 637
W14X120, 373, 368, 15, 23.9, 15.2, 574
W14X109, 371, 363, 13.3, 21.8, 15.2, 516
W14X99, 371, 361, 12.3, 19.8, 15.2, 462
W14X90, 368, 356, 11.2, 18, 15.2, 416
W14X82, 257, 363, 13, 21.7, 15.1, 367
W14X74, 257, 361, 11.4, 19.9, 15.1, 331
W14X68, 254, 356, 10.5, 18.3, 15, 301
W14X61, 254, 353, 9.5, 16.4, 15.1, 266
W14X53, 205, 353, 9.4, 16.8, 15, 225
W14X48, 204, 351, 8.6, 15.1, 15.1, 201
W14X43, 203, 348, 7.7, 13.5, 15, 178
W14X38, 172, 358, 7.9, 13.1, 10.2, 160
W14X34, 171, 356, 7.2, 11.6, 10.2, 142
W14X30, 171, 351, 6.9, 9.8, 10.2, 121
W14X26, 128, 353, 6.5, 10.7, 10.2, 102
W14X22, 127, 348, 5.8, 8.5, 10.2, 82.8
W12X336, 340, 427, 45.2, 75.2, 15, 1690
W12X305, 335, 414, 41.4, 68.8, 15, 1480
W12X279, 333, 404, 38.9, 62.7, 15.2, 1290
W12X252, 330, 391, 35.6, 57.2, 15.2, 1130
W12X230, 328, 384, 32.8, 52.6, 15.2, 1010
W12X210, 325, 373, 30, 48.3, 15.2, 891
W12X190, 323, 366, 26.9, 44.2, 15, 787
W12X170, 320, 356, 24.4, 39.6, 15.2, 687
W12X152, 318, 348, 22.1, 35.6, 15.2, 595
W12X136, 315, 340, 20.1, 31.8, 15.2, 516
W12X120, 312, 333, 18, 28.2, 15, 445, 445
W12X106, 310, 328, 15.5, 25.1, 15.2, 388
W12X96, 310, 323, 14, 22.9, 15.2, 347
W12X87, 307, 318, 13.1, 20.6, 15.2, 308
W12X79, 307, 315, 11.9, 18.7, 15.1, 276
W12X72, 305, 312, 10.9, 17, 15.2, 248
W12X65, 305, 307, 9.9, 15.4, 15.1, 222
W12X58, 254, 310, 9.1, 16.3, 15.2, 198
W12X53, 254, 307, 8.8, 14.6, 15.4, 177
W12X50, 205, 310, 9.4, 16.3, 12.7, 163
W12X45, 204, 307, 8.5, 14.6, 12.8, 145
W12X40, 203, 302, 7.5, 13.1, 12.8, 128
W12X35, 167, 318, 7.6, 13.2, 7.6, 119
W12X30, 166, 312, 6.6, 11.2, 7.6, 99.1
W12X26, 165, 310, 5.8, 9.7, 7.6, 84.9
W12X22, 102, 312, 6.6, 10.8, 7.6, 64.9
W12X19, 102, 310, 6, 8.9, 7.6, 54.1
W12X16, 101, 305, 5.6, 6.7, 7.6, 42.9
W12X14, 101, 302, 5.1, 5.7, 7.6, 36.9
W10X112, 264, 290, 19.2, 31.8, 12.7, 298
W10X100, 262, 282, 17.3, 28.4, 12.7, 259
W10X88, 262, 274, 15.4, 25.1, 12.7, 222
W10X77, 259, 269, 13.5, 22.1, 12.7, 189
W10X68, 257, 264, 11.9, 19.6, 12.7, 164
W10X60, 257, 259, 10.7, 17.3, 12.7, 142
W10X54, 254, 257, 9.4, 15.6, 12.8, 126
W10X49, 254, 254, 8.6, 14.2, 12.7, 113
W10X45, 204, 257, 8.9, 15.7, 12.7, 103
W10X39, 203, 252, 8, 13.5, 12.7, 87.0
W10X33, 202, 247, 7.4, 11, 12.7, 71.2
W10X30, 148, 267, 7.6, 13, 7.6, 70.8
W10X26, 147, 262, 6.6, 11.2, 7.6, 59.9
W10X22, 146, 259, 6.1, 9.1, 7.6, 49.1
W10X19, 102, 259, 6.4, 10, 7.6, 40.1
W10X17, 102, 257, 6.1, 8.4, 7.6, 34.1
W10X15, 102, 254, 5.8, 6.9, 7.6, 28.7
W10X12, 101, 251, 4.8, 5.3, 7.6, 22.4
W8X67, 210, 229, 14.5, 23.7, 10, 113
W8X58, 209, 222, 13, 20.6, 9.9, 94.9
W8X48, 206, 216, 10.2, 17.4, 10, 76.6
W8X40, 205, 210, 9.1, 14.2, 10, 60.8
W8X35, 204, 206, 7.9, 12.6, 10, 52.9
W8X31, 203, 203, 7.2, 11, 10, 45.8
W8X28, 166, 205, 7.2, 11.8, 10, 40.8
W8X24, 165, 201, 6.2, 10.2, 10, 34.4
W8X21, 134, 210, 6.4, 10.2, 7.6, 31.3
W8X18, 133, 207, 5.8, 8.4, 7.6, 25.8
W8X15, 102, 206, 6.2, 8, 7.6, 20.0
W8X13, 102, 203, 5.8, 6.5, 7.6, 16.5
W8X10, 100, 200, 4.3, 5.2, 7.6, 12.8
W6X25, 154, 162, 8.1, 11.6, 6.4, 22.2
W6X20, 153, 157, 6.6, 9.3, 6.4, 17.2
W6X15, 152, 152, 5.8, 6.6, 6.4, 12.1
W6X16, 102, 160, 6.6, 10.3, 6.4, 13.4
W6X12, 102, 153, 5.8, 7.1, 6.4, 9.20
W6X9, 100, 150, 4.3, 5.5, 6.4, 6.83
W6X8.5, 100, 148, 4.3, 5, 6.4, 6.20
W5X19, 128, 131, 6.9, 10.9, 7.6, 10.9
W5X16, 127, 127, 6.1, 9.1, 7.6, 8.91
W4X13, 103, 106, 7.1, 8.8, 6.4, 4.70
